        1000  -3.0000000    
  -2.9915738      -13.110538       3.3426969    
  -2.9831479      -13.090538       3.3427169    
  -2.9747217      -13.071501       3.3427374    
  -2.9662955      -13.051258       3.3427582    
  -2.9578695      -13.027769       3.3427794    
  -2.9494433      -13.005225       3.3428009    
  -2.9410172      -12.983214       3.3428228    
  -2.9325912      -12.961626       3.3428454    
  -2.9241650      -12.941131       3.3428683    
  -2.9157391      -12.920922       3.3428915    
  -2.9073129      -12.901254       3.3429153    
  -2.8988867      -12.881952       3.3429396    
  -2.8904607      -12.861094       3.3429644    
  -2.8820345      -12.838068       3.3429894    
  -2.8736084      -12.815252       3.3430152    
  -2.8651824      -12.793685       3.3430414    
  -2.8567562      -12.772185       3.3430681    
  -2.8483300      -12.751629       3.3430953    
  -2.8399041      -12.731621       3.3431232    
  -2.8314779      -12.711987       3.3431516    
  -2.8230517      -12.692807       3.3431804    
  -2.8146257      -12.671190       3.3432097    
  -2.8061996      -12.648060       3.3432398    
  -2.7977734      -12.625628       3.3432705    
  -2.7893474      -12.603745       3.3433018    
  -2.7809212      -12.582668       3.3433335    
  -2.7724953      -12.562257       3.3433659    
  -2.7640691      -12.542125       3.3433990    
  -2.7556429      -12.522855       3.3434327    
  -2.7472167      -12.503701       3.3434672    
  -2.7387908      -12.481134       3.3435023    
  -2.7303646      -12.458026       3.3435380    
  -2.7219386      -12.435826       3.3435743    
  -2.7135124      -12.414430       3.3436115    
  -2.7050862      -12.393207       3.3436494    
  -2.6966603      -12.372888       3.3436880    
  -2.6882341      -12.352941       3.3437276    
  -2.6798079      -12.333404       3.3437676    
  -2.6713820      -12.314573       3.3438087    
  -2.6629558      -12.291174       3.3438504    
  -2.6545296      -12.268406       3.3438928    
  -2.6461036      -12.246000       3.3439364    
  -2.6376774      -12.224545       3.3439806    
  -2.6292515      -12.203714       3.3440256    
  -2.6208253      -12.183354       3.3440716    
  -2.6123991      -12.163612       3.3441186    
  -2.6039729      -12.144200       3.3441665    
  -2.5955470      -12.124777       3.3442152    
  -2.5871208      -12.101196       3.3442650    
  -2.5786948      -12.078402       3.3443155    
  -2.5702686      -12.056336       3.3443673    
  -2.5618424      -12.034941       3.3444200    
  -2.5534165      -12.014036       3.3444738    
  -2.5449903      -11.993987       3.3445284    
  -2.5365641      -11.974221       3.3445845    
  -2.5281382      -11.955027       3.3446412    
  -2.5197120      -11.934605       3.3446994    
  -2.5112858      -11.911228       3.3447585    
  -2.5028598      -11.888517       3.3448191    
  -2.4944336      -11.866659       3.3448806    
  -2.4860077      -11.845332       3.3449433    
  -2.4775815      -11.824722       3.3450072    
  -2.4691553      -11.804499       3.3450725    
  -2.4607291      -11.784936       3.3451390    
  -2.4523032      -11.765826       3.3452067    
  -2.4438770      -11.744637       3.3452759    
  -2.4354510      -11.721268       3.3453465    
  -2.4270248      -11.698785       3.3454182    
  -2.4185987      -11.676953       3.3454916    
  -2.4101725      -11.655762       3.3455663    
  -2.4017465      -11.635171       3.3456426    
  -2.3933203      -11.615106       3.3457203    
  -2.3848944      -11.595614       3.3457994    
  -2.3764682      -11.576606       3.3458803    
  -2.3680420      -11.554456       3.3459625    
  -2.3596160      -11.531357       3.3460464    
  -2.3511899      -11.508914       3.3461320    
  -2.3427639      -11.487266       3.3462193    
  -2.3343377      -11.466108       3.3463082    
  -2.3259115      -11.445688       3.3463991    
  -2.3174853      -11.425715       3.3464916    
  -2.3090594      -11.406317       3.3465858    
  -2.3006332      -11.387346       3.3466821    
  -2.2922072      -11.364476       3.3467801    
  -2.2837811      -11.341409       3.3468800    
  -2.2753549      -11.319098       3.3469820    
  -2.2669287      -11.297537       3.3470860    
  -2.2585027      -11.276608       3.3471918    
  -2.2500765      -11.256265       3.3472998    
  -2.2416506      -11.236351       3.3474100    
  -2.2332244      -11.216989       3.3475223    
  -2.2247982      -11.198151       3.3476367    
  -2.2163723      -11.174470       3.3477535    
  -2.2079461      -11.151593       3.3478725    
  -2.1995201      -11.129379       3.3479941    
  -2.1910939      -11.107887       3.3481178    
  -2.1826677      -11.087023       3.3482440    
  -2.1742415      -11.066749       3.3483725    
  -2.1658156      -11.046931       3.3485038    
  -2.1573894      -11.027721       3.3486373    
  -2.1489635      -11.007977       3.3487737    
  -2.1405373      -10.984439       3.3489127    
  -2.1321111      -10.961678       3.3490546    
  -2.1236849      -10.939620       3.3491991    
  -2.1152589      -10.918242       3.3493464    
  -2.1068327      -10.897505       3.3494966    
  -2.0984068      -10.877293       3.3496499    
  -2.0899806      -10.857577       3.3498061    
  -2.0815544      -10.838363       3.3499653    
  -2.0731285      -10.817889       3.3501277    
  -2.0647023      -10.794435       3.3502932    
  -2.0562763      -10.771843       3.3504620    
  -2.0478501      -10.749884       3.3506341    
  -2.0394239      -10.728601       3.3508096    
  -2.0309978      -10.707902       3.3509886    
  -2.0225718      -10.687781       3.3511710    
  -2.0141456      -10.668171       3.3513570    
  -2.0057197      -10.649047       3.3515465    
  -1.9972935      -10.627751       3.3517399    
  -1.9888673      -10.604451       3.3519371    
  -1.9804412      -10.581972       3.3521380    
  -1.9720151      -10.560119       3.3523431    
  -1.9635890      -10.538915       3.3525519    
  -1.9551629      -10.518326       3.3527651    
  -1.9467368      -10.498295       3.3529823    
  -1.9383107      -10.478747       3.3532038    
  -1.9298846      -10.459711       3.3534296    
  -1.9214585      -10.437638       3.3536599    
  -1.9130324      -10.414498       3.3538945    
  -1.9046062      -10.392092       3.3541338    
  -1.8961802      -10.370337       3.3543780    
  -1.8877541      -10.349259       3.3546267    
  -1.8793280      -10.328738       3.3548803    
  -1.8709018      -10.308781       3.3551390    
  -1.8624758      -10.289337       3.3554027    
  -1.8540497      -10.270342       3.3556716    
  -1.8456235      -10.247574       3.3559458    
  -1.8371974      -10.224521       3.3562255    
  -1.8287714      -10.202222       3.3565104    
  -1.8203452      -10.180587       3.3568010    
  -1.8119191      -10.159585       3.3570974    
  -1.8034930      -10.139153       3.3573995    
  -1.7950670      -10.119265       3.3577075    
  -1.7866408      -10.099876       3.3580215    
  -1.7782147      -10.080946       3.3583417    
  -1.7697886      -10.057484       3.3586681    
  -1.7613624      -10.034551       3.3590009    
  -1.7529364      -10.012353       3.3593404    
  -1.7445103      -9.9908113       3.3596864    
  -1.7360841      -9.9698830       3.3600392    
  -1.7276580      -9.9495382       3.3603990    
  -1.7192320      -9.9297190       3.3607657    
  -1.7108059      -9.9103918       3.3611398    
  -1.7023797      -9.8910170       3.3615210    
  -1.6939536      -9.8674021       3.3619099    
  -1.6855276      -9.8445902       3.3623061    
  -1.6771014      -9.8224564       3.3627102    
  -1.6686753      -9.8010054       3.3631225    
  -1.6602492      -9.7801647       3.3635426    
  -1.6518230      -9.7598972       3.3639708    
  -1.6433970      -9.7401333       3.3644075    
  -1.6349709      -9.7208681       3.3648529    
  -1.6265448      -9.7008324       3.3653069    
  -1.6181186      -9.6773176       3.3657699    
  -1.6096926      -9.6545830       3.3662419    
  -1.6012665      -9.6325636       3.3667231    
  -1.5928403      -9.6111908       3.3672137    
  -1.5844142      -9.5904226       3.3677142    
  -1.5759882      -9.5701990       3.3682241    
  -1.5675621      -9.5505047       3.3687444    
  -1.5591359      -9.5312891       3.3692746    
  -1.5507098      -9.5106316       3.3698151    
  -1.5422838      -9.4872236       3.3703666    
  -1.5338576      -9.4645844       3.3709285    
  -1.5254315      -9.4426327       3.3715017    
  -1.5170054      -9.4213333       3.3720858    
  -1.5085793      -9.4006262       3.3726816    
  -1.5001532      -9.3804607       3.3732891    
  -1.4917271      -9.3608208       3.3739083    
  -1.4833010      -9.3416443       3.3745399    
  -1.4748749      -9.3204241       3.3751836    
  -1.4664488      -9.2971115       3.3758399    
  -1.4580227      -9.2745409       3.3765094    
  -1.4495965      -9.2526693       3.3771918    
  -1.4411705      -9.2314272       3.3778875    
  -1.4327444      -9.2107668       3.3785970    
  -1.4243182      -9.1906662       3.3793201    
  -1.4158921      -9.1710529       3.3800576    
  -1.4074661      -9.1519203       3.3808095    
  -1.3990400      -9.1302109       3.3815763    
  -1.3906138      -9.1069727       3.3823578    
  -1.3821877      -9.0844727       3.3831549    
  -1.3737617      -9.0626516       3.3839674    
  -1.3653355      -9.0414658       3.3847959    
  -1.3569094      -9.0208473       3.3856409    
  -1.3484833      -9.0007725       3.3865020    
  -1.3400573      -8.9811983       3.3873801    
  -1.3316311      -8.9620934       3.3882756    
  -1.3232050      -8.9399719       3.3891885    
  -1.3147789      -8.9167919       3.3901193    
  -1.3063527      -8.8943453       3.3910685    
  -1.2979267      -8.8725710       3.3920360    
  -1.2895006      -8.8514242       3.3930225    
  -1.2810744      -8.8308392       3.3940284    
  -1.2726483      -8.8107891       3.3950541    
  -1.2642223      -8.7912321       3.3960998    
  -1.2557962      -8.7721386       3.3971660    
  -1.2473700      -8.7497025       3.3982532    
  -1.2389439      -8.7265673       3.3993616    
  -1.2305179      -8.7041607       3.4004917    
  -1.2220917      -8.6824131       3.4016440    
  -1.2136656      -8.6612797       3.4028187    
  -1.2052395      -8.6407204       3.4040165    
  -1.1968133      -8.6206789       3.4052379    
  -1.1883873      -8.6011276       3.4064832    
  -1.1799612      -8.5820351       3.4077528    
  -1.1715351      -8.5593948       3.4090471    
  -1.1631089      -8.5362854       3.4103670    
  -1.1546829      -8.5138998       3.4117126    
  -1.1462568      -8.4921627       3.4130847    
  -1.1378306      -8.4710340       3.4144838    
  -1.1294045      -8.4504681       3.4159102    
  -1.1209785      -8.4304285       3.4173644    
  -1.1125524      -8.4108648       3.4188473    
  -1.1041262      -8.3917542       3.4203591    
  -1.0957001      -8.3690329       3.4219005    
  -1.0872741      -8.3459301       3.4234722    
  -1.0788479      -8.3235321       3.4250748    
  -1.0704218      -8.3017912       3.4267087    
  -1.0619957      -8.2806492       3.4283745    
  -1.0535696      -8.2600632       3.4300730    
  -1.0451435      -8.2399960       3.4318047    
  -1.0367174      -8.2204046       3.4335704    
  -1.0282913      -8.2012625       3.4353707    
  -1.0198652      -8.1786051       3.4372063    
  -1.0114391      -8.1554852       3.4390779    
  -1.0030130      -8.1330585       3.4409862    
 -0.99458694      -8.1112814       3.4429317    
 -0.98616076      -8.0901003       3.4449153    
 -0.97773457      -8.0694714       3.4469380    
 -0.96930861      -8.0493536       3.4490001    
 -0.96088243      -8.0297098       3.4511027    
 -0.95245624      -8.0105104       3.4532466    
 -0.94403028      -7.9881129       3.4554322    
 -0.93560410      -7.9649329       3.4576609    
 -0.92717791      -7.9424534       3.4599330    
 -0.91875196      -7.9206100       3.4622498    
 -0.91032577      -7.8993616       3.4646120    
 -0.90189981      -7.8786588       3.4670205    
 -0.89347363      -7.8584652       3.4694762    
 -0.88504744      -7.8387465       3.4719799    
 -0.87662148      -7.8194647       3.4745326    
 -0.86819530      -7.7975326       3.4771354    
 -0.85976911      -7.7742620       3.4797893    
 -0.85134315      -7.7516866       3.4824951    
 -0.84291697      -7.7297516       3.4852538    
 -0.83449078      -7.7084002       3.4880667    
 -0.82606483      -7.6875968       3.4909346    
 -0.81763864      -7.6672959       3.4938588    
 -0.80921245      -7.6474633       3.4968402    
 -0.80078650      -7.6280699       3.4998801    
 -0.79236031      -7.6068640       3.5029795    
 -0.78393412      -7.5834665       3.5061395    
 -0.77550817      -7.5607543       3.5093615    
 -0.76708198      -7.5386810       3.5126467    
 -0.75865602      -7.5171914       3.5159962    
 -0.75022984      -7.4962449       3.5194113    
 -0.74180365      -7.4757996       3.5228934    
 -0.73337770      -7.4558225       3.5264435    
 -0.72495151      -7.4362788       3.5300634    
 -0.71652532      -7.4161186       3.5337541    
 -0.70809937      -7.3925352       3.5375171    
 -0.69967318      -7.3696389       3.5413539    
 -0.69124699      -7.3473802       3.5452659    
 -0.68282104      -7.3257065       3.5492544    
 -0.67439485      -7.3045716       3.5533211    
 -0.66596866      -7.2839394       3.5574675    
 -0.65754271      -7.2637711       3.5616949    
 -0.64911652      -7.2440343       3.5660055    
 -0.64069033      -7.2247024       3.5704002    
 -0.63226438      -7.2014766       3.5748813    
 -0.62383819      -7.1783390       3.5794501    
 -0.61541200      -7.1558390       3.5841084    
 -0.60698605      -7.1339245       3.5888579    
 -0.59855986      -7.1125503       3.5937004    
 -0.59013391      -7.0916758       3.5986378    
 -0.58170772      -7.0712667       3.6036720    
 -0.57328153      -7.0512881       3.6088049    
 -0.56485558      -7.0317125       3.6140380    
 -0.55642939      -7.0103188       3.6193740    
 -0.54800320      -6.9868693       3.6248145    
 -0.53957725      -6.9640613       3.6303616    
 -0.53115106      -6.9418416       3.6360173    
 -0.52272487      -6.9201636       3.6417837    
 -0.51429892      -6.8989882       3.6476631    
 -0.50587273      -6.8782763       3.6536579    
 -0.49744654      -6.8579979       3.6597700    
 -0.48902059      -6.8381186       3.6660018    
 -0.48059440      -6.8186150       3.6723557    
 -0.47216821      -6.7952733       3.6788342    
 -0.46374226      -6.7720776       3.6854393    
 -0.45531607      -6.7494755       3.6921742    
 -0.44689012      -6.7274203       3.6990407    
 -0.43846393      -6.7058702       3.7060418    
 -0.43003774      -6.6847849       3.7131803    
 -0.42161179      -6.6641340       3.7204585    
 -0.41318560      -6.6438861       3.7278793    
 -0.40475941      -6.6240125       3.7354455    
 -0.39633346      -6.6036401       3.7431598    
 -0.38790727      -6.5799608       3.7510254    
 -0.37948108      -6.5568829       3.7590451    
 -0.37105513      -6.5343599       3.7672219    
 -0.36262894      -6.5123477       3.7755589    
 -0.35420275      -6.4908075       3.7840593    
 -0.34577680      -6.4697046       3.7927258    
 -0.33735061      -6.4490061       3.8015625    
 -0.32892442      -6.4286842       3.8105724    
 -0.32049847      -6.4087119       3.8197584    
 -0.31207228      -6.3878446       3.8291247    
 -0.30364609      -6.3641825       3.8386745    
 -0.29522014      -6.3410864       3.8484111    
 -0.28679395      -6.3185105       3.8583388    
 -0.27836800      -6.2964153       3.8684607    
 -0.26994181      -6.2747622       3.8787813    
 -0.26151562      -6.2535191       3.8893039    
 -0.25308967      -6.2326579       3.9000323    
 -0.24466348      -6.2121487       3.9109712    
 -0.23623729      -6.1919670       3.9221246    
 -0.22781134      -6.1715884       3.9334960    
 -0.21938515      -6.1477909       3.9450908    
 -0.21095896      -6.1245289       3.9569125    
 -0.20253301      -6.1017590       3.9689655    
 -0.19410682      -6.0794420       3.9812551    
 -0.18568063      -6.0575442       3.9937851    
 -0.17725468      -6.0360351       4.0065603    
 -0.16882849      -6.0148826       4.0195866    
 -0.16040230      -5.9940634       4.0328679    
 -0.15197635      -5.9735537       4.0464087    
 -0.14355016      -5.9533296       4.0602155    
 -0.13512421      -5.9307051       4.0742922    
 -0.12669802      -5.9071178       4.0886455    
 -0.11827183      -5.8840013       4.1032796    
 -0.10984588      -5.8613167       4.1182003    
 -0.10141969      -5.8390303       4.1334133    
 -9.29934978E-02  -5.8171129       4.1489244    
 -8.45675468E-02  -5.7955356       4.1647391    
 -7.61413574E-02  -5.7742724       4.1808643    
 -6.77151680E-02  -5.7533021       4.1973052    
 -5.92892170E-02  -5.7326026       4.2140675    
 -5.08630276E-02  -5.7121530       4.2311592    
 -4.24368382E-02  -5.6888785       4.2485852    
 -3.40108871E-02  -5.6652484       4.2663527    
 -2.55846977E-02  -5.6420345       4.2844682    
 -1.71585083E-02  -5.6192031       4.3029389    
 -8.73255730E-03  -5.5967259       4.3217707    
 -3.06367874E-04  -5.5745735       4.3409724    
  8.11958313E-03  -5.5527234       4.3605494    
  1.65457726E-02  -5.5311513       4.3805103    
  2.49719620E-02  -5.5098352       4.4008627    
  3.33979130E-02  -5.4887567       4.4216132    
  4.18241024E-02  -5.4678979       4.4427710    
  5.02502918E-02  -5.4456844       4.4643426    
  5.86762428E-02  -5.4217644       4.4863367    
  6.71024323E-02  -5.3982172       4.5087624    
  7.55286217E-02  -5.3750129       4.5316272    
  8.39545727E-02  -5.3521256       4.5549393    
  9.23807621E-02  -5.3295283       4.5787086    
  0.10080695      -5.3071985       4.6029444    
  0.10923290      -5.2851167       4.6276536    
  0.11765909      -5.2632618       4.6528478    
  0.12608528      -5.2416158       4.6785355    
  0.13451123      -5.2201633       4.7047257    
  0.14293742      -5.1988869       4.7314301    
  0.15136361      -5.1764741       4.7586570    
  0.15978956      -5.1523619       4.7864170    
  0.16821575      -5.1285596       4.8147216    
  0.17664170      -5.1050444       4.8435798    
  0.18506789      -5.0817909       4.8730044    
  0.19349408      -5.0587792       4.9030051    
  0.20192003      -5.0359888       4.9335928    
  0.21034622      -5.0134001       4.9647808    
  0.21877241      -4.9909968       4.9965801    
  0.22719836      -4.9687643       5.0290012    
  0.23562455      -4.9466867       5.0620580    
  0.24405074      -4.9247499       5.0957627    
  0.25247669      -4.9029422       5.1301270    
  0.26090288      -4.8799582       5.1651654    
  0.26932907      -4.8555984       5.2008901    
  0.27775502      -4.8314795       5.2373137    
  0.28618121      -4.8075800       5.2744522    
  0.29460740      -4.7838821       5.3123178    
  0.30303335      -4.7603679       5.3509245    
  0.31145954      -4.7370195       5.3902884    
  0.31988549      -4.7138233       5.4304228    
  0.32831168      -4.6907640       5.4713440    
  0.33673787      -4.6678281       5.5130677    
  0.34516382      -4.6450047       5.5556068    
  0.35359001      -4.6222806       5.5989809    
  0.36201620      -4.5996447       5.6432052    
  0.37044215      -4.5770869       5.6882944    
  0.37886834      -4.5540800       5.7342677    
  0.38729453      -4.5292778       5.7811422    
  0.39572048      -4.5046463       5.8289337    
  0.40414667      -4.4801674       5.8776627    
  0.41257286      -4.4558263       5.9273462    
  0.42099881      -4.4316101       5.9780016    
  0.42942500      -4.4075036       6.0296507    
  0.43785119      -4.3834953       6.0823126    
  0.44627714      -4.3595748       6.1360035    
  0.45470333      -4.3357291       6.1907492    
  0.46312952      -4.3119493       6.2465663    
  0.47155547      -4.2882261       6.3034754    
  0.47998166      -4.2645488       6.3615017    
  0.48840761      -4.2409101       6.4206629    
  0.49683380      -4.2173004       6.4809847    
  0.50525999      -4.1937127       6.5424881    
  0.51368594      -4.1700249       6.6051950    
  0.52211213      -4.1445813       6.6691322    
  0.53053832      -4.1192279       6.7343216    
  0.53896427      -4.0939527       6.8007870    
  0.54739046      -4.0687432       6.8685555    
  0.55581665      -4.0435905       6.9376526    
  0.56424260      -4.0184855       7.0081005    
  0.57266879      -3.9934168       7.0799313    
  0.58109498      -3.9683764       7.1531692    
  0.58952093      -3.9433570       7.2278395    
  0.59794712      -3.9183493       7.3039751    
  0.60637331      -3.8933461       7.3816023    
  0.61479926      -3.8683410       7.4607487    
  0.62322545      -3.8433261       7.5414467    
  0.63165140      -3.8182960       7.6237240    
  0.64007759      -3.7932425       7.7076159    
  0.64850378      -3.7681608       7.7931509    
  0.65692973      -3.7430460       7.8803596    
  0.66535592      -3.7178907       7.9692783    
  0.67378211      -3.6926904       8.0599403    
  0.68220806      -3.6663558       8.1523752    
  0.69063425      -3.6397698       8.2466240    
  0.69906044      -3.6131823       8.3427191    
  0.70748639      -3.5865860       8.4406939    
  0.71591258      -3.5599716       8.5405912    
  0.72433877      -3.5333333       8.6424456    
  0.73276472      -3.5066659       8.7462921    
  0.74119091      -3.4799609       8.8521767    
  0.74961710      -3.4532125       8.9601355    
  0.75804305      -3.4264162       9.0702057    
  0.76646924      -3.3995643       9.1824360    
  0.77489519      -3.3726528       9.2968616    
  0.78332138      -3.3456750       9.4135323    
  0.79174757      -3.3186262       9.5324888    
  0.80017352      -3.2915020       9.6537724    
  0.80859971      -3.2642963       9.7774353    
  0.81702590      -3.2370048       9.9035215    
  0.82545185      -3.2096231       10.032074    
  0.83387804      -3.1821456       10.163149    
  0.84230423      -3.1545682       10.296791    
  0.85073018      -3.1268871       10.433048    
  0.85915637      -3.0990965       10.571979    
  0.86758256      -3.0711925       10.713631    
  0.87600851      -3.0431716       10.858053    
  0.88443470      -3.0150278       11.005310    
  0.89286089      -2.9862528       11.155452    
  0.90128684      -2.9572654       11.308531    
  0.90971303      -2.9281700       11.464614    
  0.91813922      -2.8989630       11.623754    
  0.92656517      -2.8696392       11.786007    
  0.93499136      -2.8401918       11.951444    
  0.94341731      -2.8106170       12.120117    
  0.95184350      -2.7809076       12.292099    
  0.96026969      -2.7510595       12.467451    
  0.96869564      -2.7210681       12.646234    
  0.97712183      -2.6909261       12.828524    
  0.98554802      -2.6606293       13.014384    
  0.99397397      -2.6301718       13.203881    
   1.0024004      -2.5995469       13.397101    
   1.0108261      -2.5687525       13.594091    
   1.0192523      -2.5377784       13.794950    
   1.0276785      -2.5066204       13.999745    
   1.0361047      -2.4752724       14.208552    
   1.0445309      -2.4437280       14.421451    
   1.0529566      -2.4119823       14.638507    
   1.0613828      -2.3800254       14.859828    
   1.0698090      -2.3478518       15.085486    
   1.0782351      -2.3154542       15.315564    
   1.0866613      -2.2828252       15.550150    
   1.0950875      -2.2499568       15.789332    
   1.1035132      -2.2168431       16.033186    
   1.1119394      -2.1834712       16.281830    
   1.1203656      -2.1498337       16.535347    
   1.1287918      -2.1159210       16.793831    
   1.1372180      -2.0817237       17.057377    
   1.1456442      -2.0472305       17.326088    
   1.1540699      -2.0124323       17.600048    
   1.1624961      -1.9773126       17.879391    
   1.1709223      -1.9418608       18.164206    
   1.1793485      -1.9060633       18.454599    
   1.1877747      -1.8699049       18.750685    
   1.1962004      -1.8333722       19.052551    
   1.2046266      -1.7964441       19.360350    
   1.2130527      -1.7591035       19.674179    
   1.2046266      -1.7219455       19.988003    
   1.1962004      -1.6857142       20.295801    
   1.1877747      -1.6504253       20.597668    
   1.1793485      -1.6160272       20.893753    
   1.1709223      -1.5824786       21.184147    
   1.1624961      -1.5497377       21.468964    
   1.1540699      -1.5177672       21.748306    
   1.1456442      -1.4865334       22.022264    
   1.1372180      -1.4559991       22.290976    
   1.1287918      -1.4261354       22.554523    
   1.1203656      -1.3969134       22.813005    
   1.1119394      -1.3683052       23.066523    
   1.1035132      -1.3402860       23.315166    
   1.0950875      -1.3128326       23.559021    
   1.0866613      -1.2859193       23.798203    
   1.0782351      -1.2595260       24.032789    
   1.0698090      -1.2336330       24.262867    
   1.0613828      -1.2082201       24.488525    
   1.0529566      -1.1832702       24.709846    
   1.0445309      -1.1587670       24.926903    
   1.0361047      -1.1346915       25.139801    
   1.0276785      -1.1110294       25.348608    
   1.0192523      -1.0877662       25.553402    
   1.0108261      -1.0648876       25.754261    
   1.0024004      -1.0423816       25.951252    
  0.99397397      -1.0202328       26.144472    
  0.98554802     -0.99843156       26.333969    
  0.97712183     -0.97696525       26.519829    
  0.96869564     -0.95582247       26.702120    
  0.96026969     -0.93499410       26.880901    
  0.95184350     -0.91446805       27.056255    
  0.94341731     -0.89423585       27.228237    
  0.93499136     -0.87428910       27.396910    
  0.92656517     -0.85461682       27.562347    
  0.91813922     -0.83521295       27.724600    
  0.90971303     -0.81606710       27.883739    
  0.90128684     -0.79717255       28.039822    
  0.89286089     -0.77852207       28.192902    
  0.88443470     -0.76010805       28.343042    
  0.87600851     -0.74192315       28.490299    
  0.86758256     -0.72396207       28.634724    
  0.85915637     -0.70621687       28.776375    
  0.85073018     -0.68868196       28.915306    
  0.84230423     -0.67135209       29.051563    
  0.83387804     -0.65422082       29.185204    
  0.82545185     -0.63728237       29.316280    
  0.81702590     -0.62053257       29.444832    
  0.80859971     -0.60396522       29.570917    
  0.80017352     -0.58757567       29.694580    
  0.79174757     -0.57135952       29.815865    
  0.78332138     -0.55531180       29.934820    
  0.77489519     -0.53942800       30.051491    
  0.76646924     -0.52370435       30.165916    
  0.75804305     -0.50813562       30.278149    
  0.74961710     -0.49271959       30.388218    
  0.74119091     -0.47745052       30.496178    
  0.73276472     -0.46232557       30.602062    
  0.72433877     -0.44734138       30.705908    
  0.71591258     -0.43249351       30.807762    
  0.70748639     -0.41777942       30.907660    
  0.69906044     -0.40319592       31.005634    
  0.69063425     -0.38873842       31.101730    
  0.68220806     -0.37440524       31.195978    
  0.67378211     -0.36019301       31.288414    
  0.66535592     -0.34609869       31.379074    
  0.65692973     -0.33211929       31.467995    
  0.64850378     -0.31825274       31.555202    
  0.64007759     -0.30449557       31.640738    
  0.63165140     -0.29084554       31.724628    
  0.62322545     -0.27730054       31.806906    
  0.61479926     -0.26385739       31.887604    
  0.60637331     -0.25051397       31.966751    
  0.59794712     -0.23726857       32.044376    
  0.58952093     -0.22411774       32.120514    
  0.58109498     -0.21106116       32.195183    
  0.57266879     -0.19809473       32.268421    
  0.56424260     -0.18521723       32.340252    
  0.55581665     -0.17242697       32.410702    
  0.54739046     -0.15972190       32.479797    
  0.53896427     -0.14710011       32.547565    
  0.53053832     -0.13455917       32.614033    
  0.52211213     -0.12209780       32.679222    
  0.51368594     -0.10971519       32.743156    
  0.50525999     -9.74074975E-02   32.805866    
  0.49683380     -8.51745903E-02   32.867371    
  0.48840761     -7.30151534E-02   32.927689    
  0.47998166     -6.09265678E-02   32.986851    
  0.47155547     -4.89077456E-02   33.044876    
  0.46312952     -3.69569696E-02   33.101788    
  0.45470333     -2.50733607E-02   33.157604    
  0.44627714     -1.32549135E-02   33.212349    
  0.43785119     -1.50084426E-03   33.266041    
  0.42942500      1.01909088E-02   33.318703    
  0.42099881      2.18209308E-02   33.370350    
  0.41257286      3.33907902E-02   33.421005    
  0.40414667      4.49024960E-02   33.470692    
  0.39572048      5.63564003E-02   33.519421    
  0.38729453      6.77534044E-02   33.567211    
  0.37886834      7.90953189E-02   33.614086    
  0.37044215      9.03824642E-02   33.660057    
  0.36201620      0.10161699       33.705147    
  0.35359001      0.11279962       33.749371    
  0.34516382      0.12393183       33.792747    
  0.33673787      0.13501321       33.835285    
  0.32831168      0.14604677       33.877010    
  0.31988549      0.15703169       33.917931    
  0.31145954      0.16796929       33.958065    
  0.30303335      0.17886132       33.997429    
  0.29460740      0.18970683       34.036034    
  0.28618121      0.20051035       34.073902    
  0.27775502      0.21126887       34.111038    
  0.26932907      0.22198647       34.147465    
  0.26090288      0.23266143       34.183189    
  0.25247669      0.24329643       34.218227    
  0.24405074      0.25388938       34.252590    
  0.23562455      0.26444510       34.286297    
  0.22719836      0.27496070       34.319351    
  0.21877241      0.28543884       34.351772    
  0.21034622      0.29588091       34.383572    
  0.20192003      0.30628675       34.414761    
  0.19349408      0.31665552       34.445347    
  0.18506789      0.32699054       34.475349    
  0.17664170      0.33729026       34.504772    
  0.16821575      0.34755737       34.533630    
  0.15978956      0.35779136       34.561935    
  0.15136361      0.36799169       34.589695    
  0.14293742      0.37816256       34.616924    
  0.13451123      0.38830048       34.643627    
  0.12608528      0.39840934       34.669819    
  0.11765909      0.40848750       34.695507    
  0.10923290      0.41853562       34.720699    
  0.10080695      0.42855418       34.745407    
  9.23807621E-02  0.43854761       34.769646    
  8.39545727E-02  0.44851080       34.793415    
  7.55286217E-02  0.45844728       34.816727    
  6.71024323E-02  0.46835658       34.839592    
  5.86762428E-02  0.47823906       34.862015    
  5.02502918E-02  0.48809716       34.884010    
  4.18241024E-02  0.49792963       34.905582    
  3.33979130E-02  0.50773603       34.926739    
  2.49719620E-02  0.51751965       34.947491    
  1.65457726E-02  0.52727908       34.967842    
  8.11958313E-03  0.53701556       34.987804    
 -3.06367874E-04  0.54672682       35.007381    
 -8.73255730E-03  0.55641603       35.026581    
 -1.71585083E-02  0.56608433       35.045414    
 -2.55846977E-02  0.57572961       35.063885    
 -3.40108871E-02  0.58535457       35.082001    
 -4.24368382E-02  0.59495854       35.099770    
 -5.08630276E-02  0.60454118       35.117195    
 -5.92892170E-02  0.61410272       35.134285    
 -6.77151680E-02  0.62364495       35.151047    
 -7.61413574E-02  0.63316864       35.167488    
 -8.45675468E-02  0.64267206       35.183613    
 -9.29934978E-02  0.65215749       35.199429    
 -0.10141969      0.66162384       35.214939    
 -0.10984588      0.67107230       35.230152    
 -0.11827183      0.68050462       35.245075    
 -0.12669802      0.68991661       35.259708    
 -0.13512421      0.69931066       35.274059    
 -0.14355016      0.70869118       35.288139    
 -0.15197635      0.71805340       35.301945    
 -0.16040230      0.72740090       35.315487    
 -0.16882849      0.73672837       35.328766    
 -0.17725468      0.74604273       35.341793    
 -0.18568063      0.75534225       35.354568    
 -0.19410682      0.76462638       35.367100    
 -0.20253301      0.77389342       35.379387    
 -0.21095896      0.78314871       35.391441    
 -0.21938515      0.79238856       35.403263    
 -0.22781134      0.80161273       35.414856    
 -0.23623729      0.81082386       35.426228    
 -0.24466348      0.82002294       35.437382    
 -0.25308967      0.82920879       35.448322    
 -0.26151562      0.83838016       35.459049    
 -0.26994181      0.84753716       35.469570    
 -0.27836800      0.85668397       35.479893    
 -0.28679395      0.86581630       35.490013    
 -0.29522014      0.87494004       35.499943    
 -0.30364609      0.88404727       35.509678    
 -0.31207228      0.89314795       35.519230    
 -0.32049847      0.90223277       35.528595    
 -0.32892442      0.91130674       35.537781    
 -0.33735061      0.92036939       35.546791    
 -0.34577680      0.92941982       35.555626    
 -0.35420275      0.93846071       35.564293    
 -0.36262894      0.94749451       35.572796    
 -0.37105513      0.95651358       35.581131    
 -0.37948108      0.96552569       35.589310    
 -0.38790727      0.97452521       35.597328    
 -0.39633346      0.98351479       35.605194    
 -0.40475941      0.99249369       35.612907    
 -0.41318560       1.0014627       35.620472    
 -0.42161179       1.0104277       35.627895    
 -0.43003774       1.0193796       35.635174    
 -0.43846393       1.0283227       35.642311    
 -0.44689012       1.0372543       35.649311    
 -0.45531607       1.0461805       35.656178    
 -0.46374226       1.0550976       35.662914    
 -0.47216821       1.0640038       35.669518    
 -0.48059440       1.0729083       35.675999    
 -0.48902059       1.0817980       35.682350    
 -0.49744654       1.0906842       35.688583    
 -0.50587273       1.0995585       35.694695    
 -0.51429892       1.1084290       35.700691    
 -0.52272487       1.1172905       35.706570    
 -0.53115106       1.1261441       35.712337    
 -0.53957725       1.1349858       35.717991    
 -0.54800320       1.1438258       35.723537    
 -0.55642939       1.1526537       35.728977    
 -0.56485558       1.1614811       35.734314    
 -0.57328153       1.1703008       35.739548    
 -0.58170772       1.1791109       35.744682    
 -0.59013391       1.1879134       35.749714    
 -0.59855986       1.1967165       35.754654    
 -0.60698605       1.2055029       35.759495    
 -0.61541200       1.2142869       35.764244    
 -0.62383819       1.2230659       35.768902    
 -0.63226438       1.2318414       35.773472    
 -0.64069033       1.2406092       35.777954    
 -0.64911652       1.2493732       35.782349    
 -0.65754271       1.2581272       35.786659    
 -0.66596866       1.2668743       35.790886    
 -0.67439485       1.2756174       35.795033    
 -0.68282104       1.2843578       35.799099    
 -0.69124699       1.2930943       35.803089    
 -0.69967318       1.3018160       35.806999    
 -0.70809937       1.3105443       35.810837    
 -0.71652532       1.3192544       35.814598    
 -0.72495151       1.3279724       35.818291    
 -0.73337770       1.3366818       35.821911    
 -0.74180365       1.3453816       35.825459    
 -0.75022984       1.3540776       35.828941    
 -0.75865602       1.3627716       35.832355    
 -0.76708198       1.3714571       35.835705    
 -0.77550817       1.3801497       35.838993    
 -0.78393412       1.3888285       35.842213    
 -0.79236031       1.3975031       35.845375    
 -0.80078650       1.4061722       35.848473    
 -0.80921245       1.4148440       35.851513    
 -0.81763864       1.4235051       35.854496    
 -0.82606483       1.4321618       35.857418    
 -0.83449078       1.4408177       35.860287    
 -0.84291697       1.4494636       35.863098    
 -0.85134315       1.4581233       35.865860    
 -0.85976911       1.4667636       35.868565    
 -0.86819530       1.4753964       35.871216    
 -0.87662148       1.4840350       35.873821    
 -0.88504744       1.4926684       35.876373    
 -0.89347363       1.5012887       35.878876    
 -0.90189981       1.5099187       35.881332    
 -0.91032577       1.5185398       35.883739    
 -0.91875196       1.5271658       35.886105    
 -0.92717791       1.5357814       35.888420    
 -0.93560410       1.5443907       35.890694    
 -0.94403028       1.5529928       35.892921    
 -0.95245624       1.5616051       35.895107    
 -0.96088243       1.5702093       35.897251    
 -0.96930861       1.5788047       35.899353    
 -0.97773457       1.5874119       35.901417    
 -0.98616076       1.5960004       35.903439    
 -0.99458694       1.6045921       35.905422    
  -1.0030130       1.6131799       35.907368    
  -1.0114391       1.6217591       35.909275    
  -1.0198652       1.6303482       35.911148    
  -1.0282913       1.6389247       35.912983    
  -1.0367174       1.6475050       35.914783    
  -1.0451435       1.6560788       35.916550    
  -1.0535696       1.6646507       35.918282    
  -1.0619957       1.6732153       35.919979    
  -1.0704218       1.6817887       35.921646    
  -1.0788479       1.6903461       35.923279    
  -1.0872741       1.6989052       35.924881    
  -1.0957001       1.7074687       35.926453    
  -1.1041262       1.7160218       35.927994    
  -1.1125524       1.7245753       35.929504    
  -1.1209785       1.7331313       35.930988    
  -1.1294045       1.7416743       35.932442    
  -1.1378306       1.7502307       35.933868    
  -1.1462568       1.7587823       35.935268    
  -1.1546829       1.7673373       35.936642    
  -1.1631089       1.7758613       35.937984    
  -1.1715351       1.7843953       35.939304    
  -1.1799612       1.7929481       35.940601    
  -1.1883873       1.8014921       35.941872    
  -1.1968133       1.8100162       35.943115    
  -1.2052395       1.8185455       35.944336    
  -1.2136656       1.8270787       35.945534    
  -1.2220917       1.8356115       35.946709    
  -1.2305179       1.8441303       35.947861    
  -1.2389439       1.8526345       35.948990    
  -1.2473700       1.8611925       35.950100    
  -1.2557962       1.8697078       35.951187    
  -1.2642223       1.8782114       35.952251    
  -1.2726483       1.8867549       35.953300    
  -1.2810744       1.8952627       35.954323    
  -1.2895006       1.9037778       35.955330    
  -1.2979267       1.9123019       35.956318    
  -1.3063527       1.9207926       35.957283    
  -1.3147789       1.9293162       35.958233    
  -1.3232050       1.9378188       35.959164    
  -1.3316311       1.9463474       35.960079    
  -1.3400573       1.9548465       35.960972    
  -1.3484833       1.9633365       35.961849    
  -1.3569094       1.9718478       35.962711    
  -1.3653355       1.9803734       35.963558    
  -1.3737617       1.9888701       35.964386    
  -1.3821877       1.9973698       35.965199    
  -1.3906138       2.0058692       35.965996    
  -1.3990400       2.0143719       35.966778    
  -1.4074661       2.0228612       35.967545    
  -1.4158921       2.0313449       35.968296    
  -1.4243182       2.0398469       35.969032    
  -1.4327444       2.0483694       35.969757    
  -1.4411705       2.0568392       35.970467    
  -1.4495965       2.0653055       35.971161    
  -1.4580227       2.0738230       35.971844    
  -1.4664488       2.0822608       35.972511    
  -1.4748749       2.0908058       35.973171    
  -1.4833010       2.0992618       35.973812    
  -1.4917271       2.1077690       35.974445    
  -1.5001532       2.1162355       35.975063    
  -1.5085793       2.1247215       35.975670    
  -1.5170054       2.1332400       35.976269    
  -1.5254315       2.1416860       35.976852    
  -1.5338576       2.1501758       35.977425    
  -1.5422838       2.1586344       35.977985    
  -1.5507098       2.1671183       35.978539    
  -1.5591359       2.1756408       35.979080    
  -1.5675621       2.1841202       35.979610    
  -1.5759882       2.1925659       35.980129    
  -1.5844142       2.2010612       35.980640    
  -1.5928403       2.2095380       35.981140    
  -1.6012665       2.2179589       35.981628    
  -1.6096926       2.2264850       35.982113    
  -1.6181186       2.2349019       35.982582    
  -1.6265448       2.2434242       35.983047    
  -1.6349709       2.2518804       35.983501    
  -1.6433970       2.2603402       35.983944    
  -1.6518230       2.2688138       35.984383    
  -1.6602492       2.2772753       35.984810    
  -1.6686753       2.2857292       35.985229    
  -1.6771014       2.2941751       35.985641    
  -1.6855276       2.3026881       35.986046    
  -1.6939536       2.3111353       35.986443    
  -1.7023797       2.3195930       35.986832    
  -1.7108059       2.3280785       35.987213    
  -1.7192320       2.3365321       35.987587    
  -1.7276580       2.3449943       35.987953    
  -1.7360841       2.3534930       35.988316    
  -1.7445103       2.3619492       35.988667    
  -1.7529364       2.3703909       35.989014    
  -1.7613624       2.3788834       35.989353    
  -1.7697886       2.3873191       35.989685    
  -1.7782147       2.3958097       35.990013    
  -1.7866408       2.4043021       35.990334    
  -1.7950670       2.4127135       35.990646    
  -1.8034930       2.4212046       35.990955    
  -1.8119191       2.4296136       35.991257    
  -1.8203452       2.4380023       35.991550    
  -1.8287714       2.4465466       35.991844    
  -1.8371974       2.4549441       35.992126    
  -1.8456235       2.4634423       35.992409    
  -1.8540497       2.4718621       35.992680    
  -1.8624758       2.4803329       35.992950    
  -1.8709018       2.4887710       35.993214    
  -1.8793280       2.4972434       35.993473    
  -1.8877541       2.5056455       35.993725    
  -1.8961802       2.5141757       35.993977    
  -1.9046062       2.5226631       35.994221    
  -1.9130324       2.5309751       35.994457    
  -1.9214585       2.5395546       35.994694    
  -1.9298846       2.5478950       35.994923    
  -1.9383107       2.5563385       35.995148    
  -1.9467368       2.5649383       35.995373    
  -1.9551629       2.5732694       35.995586    
  -1.9635890       2.5817370       35.995800    
  -1.9720151       2.5902133       35.996010    
  -1.9804412       2.5987222       35.996216    
  -1.9888673       2.6070671       35.996414    
  -1.9972935       2.6155407       35.996613    
  -2.0057197       2.6240470       35.996807    
  -2.0141456       2.6325617       35.996998    
  -2.0225718       2.6408675       35.997181    
  -2.0309978       2.6493535       35.997364    
  -2.0394239       2.6577775       35.997543    
  -2.0478501       2.6663001       35.997719    
  -2.0562763       2.6747088       35.997890    
  -2.0647023       2.6830704       35.998058    
  -2.0731285       2.6916113       35.998226    
  -2.0815544       2.6999335       35.998386    
  -2.0899806       2.7084486       35.998547    
  -2.0984068       2.7168918       35.998703    
  -2.1068327       2.7253859       35.998856    
  -2.1152589       2.7339017       35.999008    
  -2.1236849       2.7421639       35.999153    
  -2.1321111       2.7506466       35.999298    
  -2.1405373       2.7590187       35.999439    
  -2.1489635       2.7676334       35.999580    
  -2.1573894       2.7759249       35.999714    
  -2.1658156       2.7845912       35.999851    
  -2.1742415       2.7929449       35.999981    
  -2.1826677       2.8014462       36.000111    
  -2.1910939       2.8099077       36.000237    
  -2.1995201       2.8182209       36.000359    
  -2.2079461       2.8267047       36.000481    
  -2.2163723       2.8351030       36.000599    
  -2.2247982       2.8436453       36.000717    
  -2.2332244       2.8521504       36.000832    
  -2.2416506       2.8603868       36.000942    
  -2.2500765       2.8688595       36.001053    
  -2.2585027       2.8772161       36.001160    
  -2.2669287       2.8858171       36.001266    
  -2.2753549       2.8941100       36.001369    
  -2.2837811       2.9026239       36.001472    
  -2.2922072       2.9110601       36.001572    
  -2.3006332       2.9196010       36.001671    
  -2.3090594       2.9279034       36.001766    
  -2.3174853       2.9364669       36.001862    
  -2.3259115       2.9447238       36.001953    
  -2.3343377       2.9532795       36.002045    
  -2.3427639       2.9616158       36.002132    
  -2.3511899       2.9701183       36.002220    
  -2.3596160       2.9787669       36.002308    
  -2.3680420       2.9871631       36.002392    
  -2.3764682       2.9954686       36.002472    
  -2.3848944       3.0038347       36.002552    
  -2.3933203       3.0123320       36.002632    
  -2.4017465       3.0210900       36.002712    
  -2.4101725       3.0295818       36.002789    
  -2.4185987       3.0375998       36.002861    
  -2.4270248       3.0460670       36.002934    
  -2.4354510       3.0544913       36.003006    
  -2.4438770       3.0632410       36.003078    
  -2.4523032       3.0717900       36.003147    
  -2.4607291       3.0801120       36.003216    
  -2.4691553       3.0883894       36.003281    
  -2.4775815       3.0968728       36.003345    
  -2.4860077       3.1053312       36.003410    
  -2.4944336       3.1135173       36.003471    
  -2.5028598       3.1220012       36.003532    
  -2.5112858       3.1304495       36.003593    
  -2.5197120       3.1390688       36.003654    
  -2.5281382       3.1474998       36.003712    
  -2.5365641       3.1559236       36.003769    
  -2.5449903       3.1645079       36.003826    
  -2.5534165       3.1727388       36.003880    
  -2.5618424       3.1812451       36.003933    
  -2.5702686       3.1898324       36.003986    
  -2.5786948       3.1978281       36.004036    
  -2.5871208       3.2067714       36.004089    
  -2.5955470       3.2152185       36.004139    
  -2.6039729       3.2237675       36.004189    
  -2.6123991       3.2318161       36.004234    
  -2.6208253       3.2401252       36.004280    
  -2.6292515       3.2483273       36.004326    
  -2.6376774       3.2572131       36.004372    
  -2.6461036       3.2655716       36.004417    
  -2.6545296       3.2739735       36.004459    
  -2.6629558       3.2823515       36.004501    
  -2.6713820       3.2905474       36.004543    
  -2.6798079       3.2994833       36.004585    
  -2.6882341       3.3079388       36.004627    
  -2.6966603       3.3163023       36.004665    
  -2.7050862       3.3246698       36.004704    
  -2.7135124       3.3331509       36.004742    
  -2.7219386       3.3417308       36.004780    
  -2.7303646       3.3496091       36.004814    
  -2.7387908       3.3588653       36.004852    
  -2.7472167       3.3670330       36.004887    
  -2.7556429       3.3754778       36.004921    
  -2.7640691       3.3841529       36.004955    
  -2.7724953       3.3920972       36.004986    
  -2.7809212       3.4006476       36.005020    
  -2.7893474       3.4087994       36.005051    
  -2.7977734       3.4172804       36.005081    
  -2.8061996       3.4252787       36.005112    
  -2.8146257       3.4340768       36.005142    
  -2.8230517       3.4428244       36.005173    
  -2.8314779       3.4517622       36.005203    
  -2.8399041       3.4598684       36.005230    
  -2.8483300       3.4682062       36.005257    
  -2.8567562       3.4764149       36.005283    
  -2.8651824       3.4848375       36.005310    
  -2.8736084       3.4935141       36.005337    
  -2.8820345       3.5017369       36.005363    
  -2.8904607       3.5106177       36.005390    
  -2.8988867       3.5186784       36.005413    
  -2.9073129       3.5267510       36.005436    
  -2.9157391       3.5363164       36.005463    
  -2.9241650       3.5441239       36.005486    
  -2.9325912       3.5524709       36.005508    
  -2.9410172       3.5617824       36.005531    
  -2.9494433       3.5691159       36.005550    
  -2.9578695       3.5780232       36.005573    
  -2.9662955       3.5870674       36.005596    
  -2.9747217       3.5942614       36.005615    
  -2.9831479       3.6025653       36.005634    
  -2.9915738       3.6121192       36.005657    
  -3.0000000       3.6207023       36.005676    
